0.845887 -0.493434 0.202479
0.805457 -0.512563 0.297521
0.805457 -0.512563 0.297521
0.805457 -0.512563 0.297521
0.805457 -0.512563 0.297521
0.785983 -0.571624 0.235537
0.785983 -0.571624 0.235537
0.739196 -0.591357 0.322314
0.739196 -0.591357 0.322314
0.719293 -0.647364 0.252066
0.719293 -0.647364 0.252066
0.719293 -0.647364 0.252066
0.719293 -0.647364 0.252066
0.719293 -0.647364 0.252066
0.647364 -0.719293 0.252066
0.647364 -0.719293 0.252066
0.647364 -0.719293 0.252066
0.647364 -0.719293 0.252066
0.647364 -0.719293 0.252066
0.571624 -0.785983 0.235537
0.571624 -0.785983 0.235537
0.571624 -0.785983 0.235537
0.512563 -0.805457 0.297521
0.512563 -0.805457 0.297521
0.512563 -0.805457 0.297521
0.512563 -0.805457 0.297521
0.512563 -0.805457 0.297521
0.512563 -0.805457 0.297521
0.448342 -0.821961 0.351240
0.448342 -0.821961 0.351240
0.448342 -0.821961 0.351240
0.448342 -0.821961 0.351240
0.448342 -0.821961 0.351240
0.366699 -0.880078 0.301653
0.366699 -0.880078 0.301653
0.366699 -0.880078 0.301653
0.366699 -0.880078 0.301653
0.297521 -0.892562 0.338843
0.297521 -0.892562 0.338843
0.297521 -0.892562 0.338843
0.297521 -0.892562 0.338843
0.225538 -0.902152 0.367769
0.225538 -0.902152 0.367769
0.225538 -0.902152 0.367769
0.151490 -0.908941 0.388430
0.151490 -0.908941 0.388430
0.151490 -0.908941 0.388430
0.151490 -0.908941 0.388430
0.076082 -0.912989 0.400826
0.076082 -0.912989 0.400826
0.076082 -0.912989 0.400826
0.076082 -0.912989 0.400826
0.076082 -0.912989 0.400826
-0.076082 -0.912989 0.400826
-0.076082 -0.912989 0.400826
-0.076082 -0.912989 0.400826
-0.076082 -0.912989 0.400826
-0.076082 -0.912989 0.400826
-0.151490 -0.908941 0.388430
-0.151490 -0.908941 0.388430
-0.151490 -0.908941 0.388430
-0.151490 -0.908941 0.388430
-0.151490 -0.908941 0.388430
-0.151490 -0.908941 0.388430
-0.076082 -0.912989 0.400826
-0.151490 -0.908941 0.388430
-0.151490 -0.908941 0.388430
-0.151490 -0.908941 0.388430
-0.297521 -0.892562 0.338843
-0.297521 -0.892562 0.338843
-0.297521 -0.892562 0.338843
-0.297521 -0.892562 0.338843
-0.297521 -0.892562 0.338843
-0.297521 -0.892562 0.338843
-0.297521 -0.892562 0.338843
-0.366699 -0.880078 0.301653
-0.366699 -0.880078 0.301653
-0.366699 -0.880078 0.301653
-0.366699 -0.880078 0.301653
-0.379851 -0.835672 0.396694
-0.379851 -0.835672 0.396694
-0.448342 -0.821961 0.351240
-0.448342 -0.821961 0.351240
-0.448342 -0.821961 0.351240
-0.448342 -0.821961 0.351240
-0.448342 -0.821961 0.351240
-0.448342 -0.821961 0.351240
-0.448342 -0.821961 0.351240
-0.512563 -0.805457 0.297521
-0.512563 -0.805457 0.297521
-0.512563 -0.805457 0.297521
-0.529426 -0.756323 0.384298
-0.529426 -0.756323 0.384298
-0.591357 -0.739196 0.322314
-0.591357 -0.739196 0.322314
-0.591357 -0.739196 0.322314
-0.591357 -0.739196 0.322314
-0.591357 -0.739196 0.322314
-0.591357 -0.739196 0.322314
-0.591357 -0.739196 0.322314
-0.647364 -0.719293 0.252066
-0.647364 -0.719293 0.252066
-0.667352 -0.667352 0.330579
-0.667352 -0.667352 0.330579
-0.667352 -0.667352 0.330579
-0.719293 -0.647364 0.252066
-0.719293 -0.647364 0.252066
-0.739196 -0.591357 0.322314
-0.739196 -0.591357 0.322314
-0.739196 -0.591357 0.322314
-0.739196 -0.591357 0.322314
-0.785983 -0.571624 0.235537
-0.785983 -0.571624 0.235537
-0.805457 -0.512563 0.297521
-0.805457 -0.512563 0.297521
-0.785983 -0.571624 0.235537
-0.805457 -0.512563 0.297521
-0.805457 -0.512563 0.297521
-0.805457 -0.512563 0.297521
-0.805457 -0.512563 0.297521
-0.805457 -0.512563 0.297521
-0.821961 -0.448342 0.351240
-0.821961 -0.448342 0.351240
-0.821961 -0.448342 0.351240
-0.805457 -0.512563 0.297521
-0.805457 -0.512563 0.297521
-0.805457 -0.512563 0.297521
-0.821961 -0.448342 0.351240
-0.805457 -0.512563 0.297521
-0.805457 -0.512563 0.297521
-0.805457 -0.512563 0.297521
-0.805457 -0.512563 0.297521
-0.805457 -0.512563 0.297521
-0.821961 -0.448342 0.351240
-0.805457 -0.512563 0.297521
-0.805457 -0.512563 0.297521
-0.756323 -0.529426 0.384298
-0.756323 -0.529426 0.384298
-0.756323 -0.529426 0.384298
-0.756323 -0.529426 0.384298
-0.756323 -0.529426 0.384298
-0.739196 -0.591357 0.322314
-0.684742 -0.608660 0.400826
-0.684742 -0.608660 0.400826
-0.684742 -0.608660 0.400826
-0.684742 -0.608660 0.400826
-0.667352 -0.667352 0.330579
-0.667352 -0.667352 0.330579
-0.667352 -0.667352 0.330579
-0.608660 -0.684742 0.400826
-0.591357 -0.739196 0.322314
-0.591357 -0.739196 0.322314
-0.591357 -0.739196 0.322314
-0.591357 -0.739196 0.322314
-0.529426 -0.756323 0.384298
-0.512563 -0.805457 0.297521
-0.448342 -0.821961 0.351240
-0.448342 -0.821961 0.351240
-0.448342 -0.821961 0.351240
-0.379851 -0.835672 0.396694
-0.379851 -0.835672 0.396694
-0.379851 -0.835672 0.396694
-0.307900 -0.846724 0.433884
-0.307900 -0.846724 0.433884
-0.307900 -0.846724 0.433884
-0.307900 -0.846724 0.433884
-0.307900 -0.846724 0.433884
-0.233242 -0.855222 0.462810
-0.156589 -0.861241 0.483471
-0.156589 -0.861241 0.483471
-0.156589 -0.861241 0.483471
-0.156589 -0.861241 0.483471
-0.078621 -0.864832 0.495868
-0.078621 -0.864832 0.495868
-0.080869 -0.808694 0.582645
0.000000 -0.809749 0.586777
0.000000 -0.809749 0.586777
0.000000 -0.809749 0.586777
0.000000 -0.809749 0.586777
0.080869 -0.808694 0.582645
0.080869 -0.808694 0.582645
0.080869 -0.808694 0.582645
0.080869 -0.808694 0.582645
0.080869 -0.808694 0.582645
0.161104 -0.805520 0.570248
0.161104 -0.805520 0.570248
0.161104 -0.805520 0.570248
0.161104 -0.805520 0.570248
0.240061 -0.800203 0.549587
0.240061 -0.800203 0.549587
0.240061 -0.800203 0.549587
0.240061 -0.800203 0.549587
0.240061 -0.800203 0.549587
0.317080 -0.792699 0.520661
0.325162 -0.731615 0.599174
0.325162 -0.731615 0.599174
0.401699 -0.723058 0.561983
0.401699 -0.723058 0.561983
0.557147 -0.636739 0.533058
0.401699 -0.723058 0.561983
0.557147 -0.636739 0.533058
0.557147 -0.636739 0.533058
0.557147 -0.636739 0.533058
0.557147 -0.636739 0.533058
0.474973 -0.712459 0.516529
0.485849 -0.647799 0.586777
0.485849 -0.647799 0.586777
0.485849 -0.647799 0.586777
0.485849 -0.647799 0.586777
0.557147 -0.636739 0.533058
0.557147 -0.636739 0.533058
0.557147 -0.636739 0.533058
0.557147 -0.636739 0.533058
0.636739 -0.557147 0.533058
0.636739 -0.557147 0.533058
0.636739 -0.557147 0.533058
0.636739 -0.557147 0.533058
0.636739 -0.557147 0.533058
0.636739 -0.557147 0.533058
0.636739 -0.557147 0.533058
0.712459 -0.474973 0.516529
0.712459 -0.474973 0.516529
0.712459 -0.474973 0.516529
0.712459 -0.474973 0.516529
0.712459 -0.474973 0.516529
0.723058 -0.401699 0.561983
0.723058 -0.401699 0.561983
0.723058 -0.401699 0.561983
0.723058 -0.401699 0.561983
0.782946 -0.391473 0.483471
0.792699 -0.317080 0.520661
0.792699 -0.317080 0.520661
0.792699 -0.317080 0.520661
0.792699 -0.317080 0.520661
0.800203 -0.240061 0.549587
0.800203 -0.240061 0.549587
0.800203 -0.240061 0.549587
0.800203 -0.240061 0.549587
0.800203 -0.240061 0.549587
0.800203 -0.240061 0.549587
0.805520 -0.161104 0.570248
0.805520 -0.161104 0.570248
0.805520 -0.161104 0.570248
0.805520 -0.161104 0.570248
0.805520 -0.161104 0.570248
0.805520 -0.161104 0.570248
0.805520 -0.161104 0.570248
0.861241 -0.156589 0.483471
0.861241 -0.156589 0.483471
0.864832 -0.078621 0.495868
0.861241 -0.156589 0.483471
0.864832 -0.078621 0.495868
0.864832 -0.078621 0.495868
0.864832 -0.078621 0.495868
0.861241 -0.156589 0.483471
0.864832 -0.078621 0.495868
0.864832 -0.078621 0.495868
0.861241 -0.156589 0.483471
0.864832 -0.078621 0.495868
0.861241 -0.156589 0.483471
0.861241 -0.156589 0.483471
0.861241 -0.156589 0.483471
0.861241 -0.156589 0.483471
0.861241 -0.156589 0.483471
0.861241 -0.156589 0.483471
0.861241 -0.156589 0.483471
0.861241 -0.156589 0.483471
0.855222 -0.233242 0.462810
0.855222 -0.233242 0.462810
0.855222 -0.233242 0.462810
0.800203 -0.240061 0.549587
0.800203 -0.240061 0.549587
0.800203 -0.240061 0.549587
0.800203 -0.240061 0.549587
0.792699 -0.317080 0.520661
0.792699 -0.317080 0.520661
0.792699 -0.317080 0.520661
0.792699 -0.317080 0.520661
0.731615 -0.325162 0.599174
0.723058 -0.401699 0.561983
0.723058 -0.401699 0.561983
0.723058 -0.401699 0.561983
0.723058 -0.401699 0.561983
0.723058 -0.401699 0.561983
0.723058 -0.401699 0.561983
0.647799 -0.485849 0.586777
0.647799 -0.485849 0.586777
0.647799 -0.485849 0.586777
0.647799 -0.485849 0.586777
0.647799 -0.485849 0.586777
0.647799 -0.485849 0.586777
0.568298 -0.568298 0.595041
0.568298 -0.568298 0.595041
0.568298 -0.568298 0.595041
0.568298 -0.568298 0.595041
0.568298 -0.568298 0.595041
0.568298 -0.568298 0.595041
0.485849 -0.647799 0.586777
0.485849 -0.647799 0.586777
0.485849 -0.647799 0.586777
0.410632 -0.657012 0.632231
0.410632 -0.657012 0.632231
0.410632 -0.657012 0.632231
0.410632 -0.657012 0.632231
0.410632 -0.657012 0.632231
0.410632 -0.657012 0.632231
0.410632 -0.657012 0.632231
0.410632 -0.657012 0.632231
0.332227 -0.664455 0.669421
0.332227 -0.664455 0.669421
0.332227 -0.664455 0.669421
0.332227 -0.664455 0.669421
0.246067 -0.738202 0.628099
0.246067 -0.738202 0.628099
0.246067 -0.738202 0.628099
0.246067 -0.738202 0.628099
0.165083 -0.742871 0.648760
0.165083 -0.742871 0.648760
0.165083 -0.742871 0.648760
0.165083 -0.742871 0.648760
0.165083 -0.742871 0.648760
0.082851 -0.745659 0.661157
0.082851 -0.745659 0.661157
0.082851 -0.745659 0.661157
0.082851 -0.745659 0.661157
0.082851 -0.745659 0.661157
0.000000 -0.746586 0.665289
0.000000 -0.746586 0.665289
0.000000 -0.746586 0.665289
0.000000 -0.746586 0.665289
-0.082851 -0.745659 0.661157
-0.084585 -0.676677 0.731405
-0.084585 -0.676677 0.731405
-0.165083 -0.742871 0.648760
-0.165083 -0.742871 0.648760
-0.165083 -0.742871 0.648760
-0.165083 -0.742871 0.648760
-0.165083 -0.742871 0.648760
-0.165083 -0.742871 0.648760
-0.251320 -0.670186 0.698347
-0.251320 -0.670186 0.698347
-0.251320 -0.670186 0.698347
-0.251320 -0.670186 0.698347
-0.332227 -0.664455 0.669421
-0.332227 -0.664455 0.669421
-0.332227 -0.664455 0.669421
-0.332227 -0.664455 0.669421
-0.332227 -0.664455 0.669421
-0.410632 -0.657012 0.632231
-0.410632 -0.657012 0.632231
-0.410632 -0.657012 0.632231
-0.410632 -0.657012 0.632231
-0.410632 -0.657012 0.632231
-0.410632 -0.657012 0.632231
-0.485849 -0.647799 0.586777
-0.495248 -0.577789 0.648760
-0.495248 -0.577789 0.648760
-0.495248 -0.577789 0.648760
-0.568298 -0.568298 0.595041
-0.568298 -0.568298 0.595041
-0.568298 -0.568298 0.595041
-0.577789 -0.495248 0.648760
-0.577789 -0.495248 0.648760
-0.577789 -0.495248 0.648760
-0.577789 -0.495248 0.648760
-0.577789 -0.495248 0.648760
-0.647799 -0.485849 0.586777
-0.647799 -0.485849 0.586777
-0.647799 -0.485849 0.586777
-0.647799 -0.485849 0.586777
-0.657012 -0.410632 0.632231
-0.723058 -0.401699 0.561983
-0.723058 -0.401699 0.561983
-0.723058 -0.401699 0.561983
-0.723058 -0.401699 0.561983
-0.731615 -0.325162 0.599174
-0.731615 -0.325162 0.599174
-0.731615 -0.325162 0.599174
-0.731615 -0.325162 0.599174
-0.738202 -0.246067 0.628099
-0.738202 -0.246067 0.628099
-0.738202 -0.246067 0.628099
-0.738202 -0.246067 0.628099
-0.738202 -0.246067 0.628099
-0.738202 -0.246067 0.628099
-0.738202 -0.246067 0.628099
-0.738202 -0.246067 0.628099
-0.738202 -0.246067 0.628099
-0.738202 -0.246067 0.628099
-0.738202 -0.246067 0.628099
-0.738202 -0.246067 0.628099
-0.742871 -0.165083 0.648760
-0.742871 -0.165083 0.648760
-0.742871 -0.165083 0.648760
-0.742871 -0.165083 0.648760
-0.742871 -0.165083 0.648760
-0.742871 -0.165083 0.648760
-0.742871 -0.165083 0.648760
-0.742871 -0.165083 0.648760
-0.742871 -0.165083 0.648760
-0.742871 -0.165083 0.648760
-0.738202 -0.246067 0.628099
-0.738202 -0.246067 0.628099
-0.738202 -0.246067 0.628099
-0.738202 -0.246067 0.628099
-0.738202 -0.246067 0.628099
-0.738202 -0.246067 0.628099
-0.738202 -0.246067 0.628099
-0.738202 -0.246067 0.628099
-0.738202 -0.246067 0.628099
-0.670186 -0.251320 0.698347
-0.670186 -0.251320 0.698347
-0.664455 -0.332227 0.669421
-0.664455 -0.332227 0.669421
-0.664455 -0.332227 0.669421
-0.592093 -0.338339 0.731405
-0.592093 -0.338339 0.731405
-0.585699 -0.418357 0.694215
-0.585699 -0.418357 0.694215
-0.585699 -0.418357 0.694215
-0.585699 -0.418357 0.694215
-0.509925 -0.424937 0.747934
-0.509925 -0.424937 0.747934
-0.509925 -0.424937 0.747934
-0.503251 -0.503251 0.702479
-0.503251 -0.503251 0.702479
-0.424937 -0.509925 0.747934
-0.424937 -0.509925 0.747934
-0.424937 -0.509925 0.747934
-0.424937 -0.509925 0.747934
-0.343547 -0.515321 0.785124
-0.343547 -0.515321 0.785124
-0.338339 -0.592093 0.731405
-0.338339 -0.592093 0.731405
-0.255865 -0.597018 0.760331
-0.255865 -0.597018 0.760331
-0.255865 -0.597018 0.760331
-0.255865 -0.597018 0.760331
-0.255865 -0.597018 0.760331
-0.255865 -0.597018 0.760331
-0.255865 -0.597018 0.760331
-0.171575 -0.600511 0.780992
-0.086085 -0.602598 0.793388
-0.086085 -0.602598 0.793388
-0.086085 -0.602598 0.793388
-0.086085 -0.602598 0.793388
-0.086085 -0.602598 0.793388
0.000000 -0.677484 0.735537
0.000000 -0.677484 0.735537
0.000000 -0.677484 0.735537
0.000000 -0.677484 0.735537
0.084585 -0.676677 0.731405
0.084585 -0.676677 0.731405
0.084585 -0.676677 0.731405
0.084585 -0.676677 0.731405
0.086085 -0.602598 0.793388
0.171575 -0.600511 0.780992
0.168563 -0.674251 0.719008
0.171575 -0.600511 0.780992
0.171575 -0.600511 0.780992
0.171575 -0.600511 0.780992
0.255865 -0.597018 0.760331
0.255865 -0.597018 0.760331
0.255865 -0.597018 0.760331
0.255865 -0.597018 0.760331
0.338339 -0.592093 0.731405
0.338339 -0.592093 0.731405
0.338339 -0.592093 0.731405
0.338339 -0.592093 0.731405
0.338339 -0.592093 0.731405
0.503251 -0.503251 0.702479
0.424937 -0.509925 0.747934
0.503251 -0.503251 0.702479
0.503251 -0.503251 0.702479
0.503251 -0.503251 0.702479
0.424937 -0.509925 0.747934
0.503251 -0.503251 0.702479
0.503251 -0.503251 0.702479
0.503251 -0.503251 0.702479
0.424937 -0.509925 0.747934
0.424937 -0.509925 0.747934
0.503251 -0.503251 0.702479
0.503251 -0.503251 0.702479
0.503251 -0.503251 0.702479
0.503251 -0.503251 0.702479
0.509925 -0.424937 0.747934
0.585699 -0.418357 0.694215
0.585699 -0.418357 0.694215
0.585699 -0.418357 0.694215
0.585699 -0.418357 0.694215
0.509925 -0.424937 0.747934
0.585699 -0.418357 0.694215
0.509925 -0.424937 0.747934
0.592093 -0.338339 0.731405
0.664455 -0.332227 0.669421
0.664455 -0.332227 0.669421
0.664455 -0.332227 0.669421
0.664455 -0.332227 0.669421
0.664455 -0.332227 0.669421
0.670186 -0.251320 0.698347
0.670186 -0.251320 0.698347
0.670186 -0.251320 0.698347
0.670186 -0.251320 0.698347
0.670186 -0.251320 0.698347
0.670186 -0.251320 0.698347
0.670186 -0.251320 0.698347
0.742871 -0.165083 0.648760
0.742871 -0.165083 0.648760
0.742871 -0.165083 0.648760
0.742871 -0.165083 0.648760
0.742871 -0.165083 0.648760
0.742871 -0.165083 0.648760
0.674251 -0.168563 0.719008
0.674251 -0.168563 0.719008
0.674251 -0.168563 0.719008
0.674251 -0.168563 0.719008
0.674251 -0.168563 0.719008
0.674251 -0.168563 0.719008
0.676677 -0.084585 0.731405
0.676677 -0.084585 0.731405
0.676677 -0.084585 0.731405
0.676677 -0.084585 0.731405
0.676677 -0.084585 0.731405
0.676677 -0.084585 0.731405
0.676677 -0.084585 0.731405
0.676677 -0.084585 0.731405
0.676677 -0.084585 0.731405
0.676677 -0.084585 0.731405
0.676677 -0.084585 0.731405
0.676677 -0.084585 0.731405
0.676677 -0.084585 0.731405
0.676677 -0.084585 0.731405
0.676677 -0.084585 0.731405
0.676677 -0.084585 0.731405
0.674251 -0.168563 0.719008
0.674251 -0.168563 0.719008
0.674251 -0.168563 0.719008
0.674251 -0.168563 0.719008
0.674251 -0.168563 0.719008
0.674251 -0.168563 0.719008
0.674251 -0.168563 0.719008
0.600511 -0.171575 0.780992
0.674251 -0.168563 0.719008
0.674251 -0.168563 0.719008
0.674251 -0.168563 0.719008
0.674251 -0.168563 0.719008
0.674251 -0.168563 0.719008
0.597018 -0.255865 0.760331
0.597018 -0.255865 0.760331
0.597018 -0.255865 0.760331
0.597018 -0.255865 0.760331
0.597018 -0.255865 0.760331
0.597018 -0.255865 0.760331
0.597018 -0.255865 0.760331
0.434867 -0.347894 0.830579
0.597018 -0.255865 0.760331
0.515321 -0.343547 0.785124
0.434867 -0.347894 0.830579
0.515321 -0.343547 0.785124
0.515321 -0.343547 0.785124
0.515321 -0.343547 0.785124
0.515321 -0.343547 0.785124
0.515321 -0.343547 0.785124
0.515321 -0.343547 0.785124
0.515321 -0.343547 0.785124
0.515321 -0.343547 0.785124
0.515321 -0.343547 0.785124
0.430427 -0.430427 0.793388
0.347894 -0.434867 0.830579
0.430427 -0.430427 0.793388
0.430427 -0.430427 0.793388
0.347894 -0.434867 0.830579
0.430427 -0.430427 0.793388
0.430427 -0.430427 0.793388
0.430427 -0.430427 0.793388
0.347894 -0.434867 0.830579
0.347894 -0.434867 0.830579
0.347894 -0.434867 0.830579
0.347894 -0.434867 0.830579
0.262974 -0.438289 0.859504
0.262974 -0.438289 0.859504
0.262974 -0.438289 0.859504
0.262974 -0.438289 0.859504
0.262974 -0.438289 0.859504
0.262974 -0.438289 0.859504
0.174143 -0.522429 0.834711
0.174143 -0.522429 0.834711
0.174143 -0.522429 0.834711
0.174143 -0.522429 0.834711
0.174143 -0.522429 0.834711
0.087365 -0.524191 0.847107
0.087365 -0.524191 0.847107
0.087365 -0.524191 0.847107
0.087365 -0.524191 0.847107
0.000000 -0.524777 0.851240
0.000000 -0.524777 0.851240
0.000000 -0.524777 0.851240
0.000000 -0.524777 0.851240
-0.087365 -0.524191 0.847107
-0.087365 -0.524191 0.847107
-0.087365 -0.524191 0.847107
-0.087365 -0.524191 0.847107
-0.087365 -0.524191 0.847107
-0.087365 -0.524191 0.847107
-0.087365 -0.524191 0.847107
-0.087365 -0.524191 0.847107
-0.174143 -0.522429 0.834711
-0.174143 -0.522429 0.834711
-0.174143 -0.522429 0.834711
-0.174143 -0.522429 0.834711
-0.259740 -0.519479 0.814050
-0.259740 -0.519479 0.814050
-0.259740 -0.519479 0.814050
-0.259740 -0.519479 0.814050
-0.259740 -0.519479 0.814050
-0.259740 -0.519479 0.814050
-0.347894 -0.434867 0.830579
-0.343547 -0.515321 0.785124
-0.347894 -0.434867 0.830579
-0.347894 -0.434867 0.830579
-0.347894 -0.434867 0.830579
-0.430427 -0.430427 0.793388
-0.347894 -0.434867 0.830579
-0.430427 -0.430427 0.793388
-0.430427 -0.430427 0.793388
-0.430427 -0.430427 0.793388
-0.434867 -0.347894 0.830579
-0.434867 -0.347894 0.830579
-0.434867 -0.347894 0.830579
-0.434867 -0.347894 0.830579
-0.434867 -0.347894 0.830579
-0.515321 -0.343547 0.785124
-0.515321 -0.343547 0.785124
-0.519479 -0.259740 0.814050
-0.519479 -0.259740 0.814050
-0.519479 -0.259740 0.814050
-0.519479 -0.259740 0.814050
-0.519479 -0.259740 0.814050
-0.519479 -0.259740 0.814050
-0.519479 -0.259740 0.814050
-0.522429 -0.174143 0.834711
-0.522429 -0.174143 0.834711
-0.522429 -0.174143 0.834711
-0.600511 -0.171575 0.780992
-0.522429 -0.174143 0.834711
-0.600511 -0.171575 0.780992
-0.600511 -0.171575 0.780992
-0.600511 -0.171575 0.780992
-0.600511 -0.171575 0.780992
-0.600511 -0.171575 0.780992
-0.602598 -0.086085 0.793388
-0.602598 -0.086085 0.793388
-0.602598 -0.086085 0.793388
-0.602598 -0.086085 0.793388
-0.602598 -0.086085 0.793388
-0.602598 -0.086085 0.793388
-0.602598 -0.086085 0.793388
-0.602598 -0.086085 0.793388
-0.602598 -0.086085 0.793388
-0.602598 -0.086085 0.793388
-0.602598 -0.086085 0.793388
-0.602598 -0.086085 0.793388
-0.602598 -0.086085 0.793388
-0.602598 -0.086085 0.793388
-0.602598 -0.086085 0.793388
-0.602598 -0.086085 0.793388
-0.602598 -0.086085 0.793388
-0.602598 -0.086085 0.793388
-0.602598 -0.086085 0.793388
-0.602598 -0.086085 0.793388
-0.602598 -0.086085 0.793388
-0.602598 -0.086085 0.793388
-0.602598 -0.086085 0.793388
-0.602598 -0.086085 0.793388
-0.602598 -0.086085 0.793388
-0.602598 -0.086085 0.793388
-0.602598 -0.086085 0.793388
-0.602598 -0.086085 0.793388
-0.602598 -0.086085 0.793388
-0.602598 -0.086085 0.793388
-0.602598 -0.086085 0.793388
-0.602598 -0.086085 0.793388
-0.524191 -0.087365 0.847107
-0.522429 -0.174143 0.834711
-0.522429 -0.174143 0.834711
-0.522429 -0.174143 0.834711
-0.522429 -0.174143 0.834711
-0.440718 -0.176287 0.880165
-0.440718 -0.176287 0.880165
-0.440718 -0.176287 0.880165
-0.440718 -0.176287 0.880165
-0.440718 -0.176287 0.880165
-0.356044 -0.178022 0.917355
-0.354120 -0.265590 0.896694
-0.354120 -0.265590 0.896694
-0.354120 -0.265590 0.896694
-0.354120 -0.265590 0.896694
-0.267608 -0.267608 0.925620
-0.267608 -0.267608 0.925620
-0.267608 -0.267608 0.925620
-0.179360 -0.269040 0.946281
-0.179360 -0.269040 0.946281
-0.179360 -0.269040 0.946281
-0.179360 -0.269040 0.946281
-0.179360 -0.269040 0.946281
-0.179360 -0.269040 0.946281
-0.178022 -0.356044 0.917355
-0.089298 -0.357193 0.929752
-0.089298 -0.357193 0.929752
-0.089298 -0.357193 0.929752
0.000000 -0.357575 0.933884
0.000000 -0.357575 0.933884
0.000000 -0.357575 0.933884
0.000000 -0.357575 0.933884
0.000000 -0.357575 0.933884
0.089965 -0.269895 0.958678
0.089298 -0.357193 0.929752
0.089298 -0.357193 0.929752
0.178022 -0.356044 0.917355
0.178022 -0.356044 0.917355
0.178022 -0.356044 0.917355
0.178022 -0.356044 0.917355
0.178022 -0.356044 0.917355
0.354120 -0.265590 0.896694
0.354120 -0.265590 0.896694
0.354120 -0.265590 0.896694
0.354120 -0.265590 0.896694
0.354120 -0.265590 0.896694
0.265590 -0.354120 0.896694
0.265590 -0.354120 0.896694
0.265590 -0.354120 0.896694
0.265590 -0.354120 0.896694
0.265590 -0.354120 0.896694
0.265590 -0.354120 0.896694
0.351410 -0.351410 0.867769
0.438289 -0.262974 0.859504
0.438289 -0.262974 0.859504
0.438289 -0.262974 0.859504
0.438289 -0.262974 0.859504
0.438289 -0.262974 0.859504
0.522429 -0.174143 0.834711
0.519479 -0.259740 0.814050
0.438289 -0.262974 0.859504
0.522429 -0.174143 0.834711
0.522429 -0.174143 0.834711
0.522429 -0.174143 0.834711
0.522429 -0.174143 0.834711
0.522429 -0.174143 0.834711
0.522429 -0.174143 0.834711
0.522429 -0.174143 0.834711
0.522429 -0.174143 0.834711
0.522429 -0.174143 0.834711
0.522429 -0.174143 0.834711
0.600511 -0.171575 0.780992
0.602598 -0.086085 0.793388
0.522429 -0.174143 0.834711
0.602598 -0.086085 0.793388
0.602598 -0.086085 0.793388
0.602598 -0.086085 0.793388
0.602598 -0.086085 0.793388
0.602598 -0.086085 0.793388
0.602598 -0.086085 0.793388
0.676677 -0.084585 0.731405
0.676677 -0.084585 0.731405
0.677484 0.000000 0.735537
0.677484 0.000000 0.735537
0.677484 0.000000 0.735537
0.677484 0.000000 0.735537
0.677484 0.000000 0.735537
0.677484 0.000000 0.735537
0.677484 0.000000 0.735537
0.677484 0.000000 0.735537
0.677484 0.000000 0.735537
0.677484 0.000000 0.735537
0.677484 0.000000 0.735537
0.676677 0.084585 0.731405
0.676677 0.084585 0.731405
0.676677 0.084585 0.731405
0.676677 0.084585 0.731405
0.676677 0.084585 0.731405
0.676677 0.084585 0.731405
0.676677 0.084585 0.731405
0.676677 0.084585 0.731405
0.676677 0.084585 0.731405
0.676677 0.084585 0.731405
0.676677 0.084585 0.731405
0.676677 0.084585 0.731405
0.676677 0.084585 0.731405
0.676677 0.084585 0.731405
0.676677 0.084585 0.731405
0.676677 0.084585 0.731405
0.676677 0.084585 0.731405
0.676677 0.084585 0.731405
0.676677 0.084585 0.731405
0.676677 0.084585 0.731405
0.676677 0.084585 0.731405
0.676677 0.084585 0.731405
0.676677 0.084585 0.731405
0.676677 0.084585 0.731405
0.676677 0.084585 0.731405
0.676677 0.084585 0.731405
0.677484 0.000000 0.735537
0.677484 0.000000 0.735537
0.677484 0.000000 0.735537
0.677484 0.000000 0.735537
0.677484 0.000000 0.735537
0.677484 0.000000 0.735537
0.677484 0.000000 0.735537
0.677484 0.000000 0.735537
0.603292 0.000000 0.797521
0.603292 0.000000 0.797521
0.603292 0.000000 0.797521
0.602598 -0.086085 0.793388
0.602598 -0.086085 0.793388
0.602598 -0.086085 0.793388
0.524191 -0.087365 0.847107
0.524191 -0.087365 0.847107
0.524191 -0.087365 0.847107
0.524191 -0.087365 0.847107
0.524191 -0.087365 0.847107
0.522429 -0.174143 0.834711
0.524191 -0.087365 0.847107
0.440718 -0.176287 0.880165
0.440718 -0.176287 0.880165
0.440718 -0.176287 0.880165
0.440718 -0.176287 0.880165
0.440718 -0.176287 0.880165
0.440718 -0.176287 0.880165
0.440718 -0.176287 0.880165
0.440718 -0.176287 0.880165
0.440718 -0.176287 0.880165
0.356044 -0.178022 0.917355
0.356044 -0.178022 0.917355
0.267608 -0.267608 0.925620
0.267608 -0.267608 0.925620
0.267608 -0.267608 0.925620
0.267608 -0.267608 0.925620
0.267608 -0.267608 0.925620
0.267608 -0.267608 0.925620
0.267608 -0.267608 0.925620
0.179360 -0.269040 0.946281
0.179360 -0.269040 0.946281
0.179360 -0.269040 0.946281
0.179360 -0.269040 0.946281
0.179360 -0.269040 0.946281
0.179360 -0.269040 0.946281
0.179360 -0.269040 0.946281
0.179360 -0.269040 0.946281
0.089965 -0.269895 0.958678
0.089965 -0.269895 0.958678
0.089965 -0.269895 0.958678
0.089965 -0.269895 0.958678
0.089965 -0.269895 0.958678
0.089965 -0.269895 0.958678
0.089965 -0.269895 0.958678
0.000000 -0.270180 0.962810
0.000000 -0.270180 0.962810
-0.089298 -0.357193 0.929752
-0.089298 -0.357193 0.929752
-0.089298 -0.357193 0.929752
-0.089298 -0.357193 0.929752
-0.178022 -0.356044 0.917355
-0.178022 -0.356044 0.917355
-0.178022 -0.356044 0.917355
-0.178022 -0.356044 0.917355
-0.178022 -0.356044 0.917355
-0.178022 -0.356044 0.917355
-0.178022 -0.356044 0.917355
-0.265590 -0.354120 0.896694
-0.265590 -0.354120 0.896694
-0.265590 -0.354120 0.896694
-0.265590 -0.354120 0.896694
-0.265590 -0.354120 0.896694
-0.265590 -0.354120 0.896694
-0.265590 -0.354120 0.896694
-0.267608 -0.267608 0.925620
-0.354120 -0.265590 0.896694
-0.354120 -0.265590 0.896694
-0.354120 -0.265590 0.896694
-0.354120 -0.265590 0.896694
-0.354120 -0.265590 0.896694
-0.354120 -0.265590 0.896694
-0.354120 -0.265590 0.896694
-0.354120 -0.265590 0.896694
-0.354120 -0.265590 0.896694
-0.438289 -0.262974 0.859504
-0.438289 -0.262974 0.859504
-0.438289 -0.262974 0.859504
-0.438289 -0.262974 0.859504
-0.438289 -0.262974 0.859504
-0.438289 -0.262974 0.859504
-0.440718 -0.176287 0.880165
-0.440718 -0.176287 0.880165
-0.440718 -0.176287 0.880165
-0.440718 -0.176287 0.880165
-0.440718 -0.176287 0.880165
-0.440718 -0.176287 0.880165
-0.440718 -0.176287 0.880165
-0.440718 -0.176287 0.880165
-0.440718 -0.176287 0.880165
-0.440718 -0.176287 0.880165
-0.440718 -0.176287 0.880165
-0.442168 -0.088434 0.892562
-0.442168 -0.088434 0.892562
-0.440718 -0.176287 0.880165
-0.440718 -0.176287 0.880165
-0.442168 -0.088434 0.892562
-0.442168 -0.088434 0.892562
-0.442168 -0.088434 0.892562
-0.442168 -0.088434 0.892562
-0.442168 -0.088434 0.892562
-0.442168 -0.088434 0.892562
-0.442168 -0.088434 0.892562
-0.442168 -0.088434 0.892562
-0.442168 -0.088434 0.892562
-0.442168 -0.088434 0.892562
-0.442168 -0.088434 0.892562
-0.442168 -0.088434 0.892562
-0.442168 -0.088434 0.892562
-0.442168 -0.088434 0.892562
-0.442168 -0.088434 0.892562
-0.442168 -0.088434 0.892562
-0.442168 -0.088434 0.892562
-0.442168 -0.088434 0.892562
-0.442168 -0.088434 0.892562
-0.442168 -0.088434 0.892562
-0.442168 -0.088434 0.892562
-0.442168 -0.088434 0.892562
-0.442168 -0.088434 0.892562
-0.357193 -0.089298 0.929752
-0.357193 -0.089298 0.929752
-0.357193 -0.089298 0.929752
-0.357193 -0.089298 0.929752
-0.357193 -0.089298 0.929752
-0.357193 -0.089298 0.929752
-0.357193 -0.089298 0.929752
-0.357193 -0.089298 0.929752
-0.357193 -0.089298 0.929752
-0.269895 -0.089965 0.958678
-0.269895 -0.089965 0.958678
-0.269895 -0.089965 0.958678
-0.269040 -0.179360 0.946281
-0.269040 -0.179360 0.946281
-0.269040 -0.179360 0.946281
-0.180309 -0.180309 0.966942
-0.180309 -0.180309 0.966942
-0.180309 -0.180309 0.966942
-0.180309 -0.180309 0.966942
-0.180309 -0.180309 0.966942
-0.180309 -0.180309 0.966942
-0.180309 -0.180309 0.966942
-0.180309 -0.180309 0.966942
0.000000 -0.181065 0.983471
0.000000 -0.181065 0.983471
0.000000 -0.181065 0.983471
0.000000 -0.181065 0.983471
0.000000 -0.181065 0.983471
0.000000 -0.181065 0.983471
0.000000 -0.181065 0.983471
0.000000 -0.181065 0.983471
0.090438 -0.180877 0.979339
0.090438 -0.180877 0.979339
0.090438 -0.180877 0.979339
0.090438 -0.180877 0.979339
0.090438 -0.180877 0.979339
0.090438 -0.180877 0.979339
0.090438 -0.180877 0.979339
0.090438 -0.180877 0.979339
0.090438 -0.180877 0.979339
0.269895 -0.089965 0.958678
0.269895 -0.089965 0.958678
0.269895 -0.089965 0.958678
0.269895 -0.089965 0.958678
0.269895 -0.089965 0.958678
0.269895 -0.089965 0.958678
0.180309 -0.180309 0.966942
0.269895 -0.089965 0.958678
0.180877 -0.090438 0.979339
0.269895 -0.089965 0.958678
0.269895 -0.089965 0.958678
0.180877 -0.090438 0.979339
0.269895 -0.089965 0.958678
0.269895 -0.089965 0.958678
0.269895 -0.089965 0.958678
0.269895 -0.089965 0.958678
0.357193 -0.089298 0.929752
0.269895 -0.089965 0.958678
0.000000 0.981768 0.190083
-0.070004 0.980062 0.185950
-0.070004 0.980062 0.185950
-0.070004 0.980062 0.185950
-0.139275 0.974926 0.173554
-0.139275 0.974926 0.173554
-0.139275 0.974926 0.173554
-0.139275 0.974926 0.173554
-0.207066 0.966306 0.152893
-0.207066 0.966306 0.152893
-0.207066 0.966306 0.152893
-0.207066 0.966306 0.152893
-0.207066 0.966306 0.152893
-0.272602 0.954107 0.123967
-0.272602 0.954107 0.123967
-0.272602 0.954107 0.123967
-0.335068 0.938189 0.086777
-0.351847 0.914802 0.198347
-0.414131 0.897284 0.152893
-0.414131 0.897284 0.152893
-0.414131 0.897284 0.152893
-0.414131 0.897284 0.152893
-0.414131 0.897284 0.152893
-0.414131 0.897284 0.152893
-0.471763 0.876131 0.099174
-0.471763 0.876131 0.099174
-0.471763 0.876131 0.099174
-0.471763 0.876131 0.099174
-0.493434 0.845887 0.202479
-0.549198 0.823797 0.140496
-0.598518 0.798024 0.070248
-0.598518 0.798024 0.070248
-0.598518 0.798024 0.070248
-0.598518 0.798024 0.070248
-0.598518 0.798024 0.070248
-0.624528 0.763312 0.165289
-0.670135 0.737149 0.086777
-0.670135 0.737149 0.086777
-0.670135 0.737149 0.086777
-0.670135 0.737149 0.086777
-0.737149 0.670135 0.086777
-0.737149 0.670135 0.086777
-0.737149 0.670135 0.086777
-0.737149 0.670135 0.086777
-0.737149 0.670135 0.086777
-0.737149 0.670135 0.086777
-0.763312 0.624528 0.165289
-0.798024 0.598518 0.070248
-0.798024 0.598518 0.070248
-0.798024 0.598518 0.070248
-0.798024 0.598518 0.070248
-0.798024 0.598518 0.070248
-0.798024 0.598518 0.070248
-0.823797 0.549198 0.140496
-0.851069 0.523735 0.037190
-0.851069 0.523735 0.037190
-0.851069 0.523735 0.037190
-0.851069 0.523735 0.037190
-0.851069 0.523735 0.037190
-0.876131 0.471763 0.099174
-0.876131 0.471763 0.099174
-0.876131 0.471763 0.099174
-0.876131 0.471763 0.099174
-0.876131 0.471763 0.099174
-0.897284 0.414131 0.152893
-0.076082 0.912989 0.400826
-0.076082 0.912989 0.400826
-0.076082 0.912989 0.400826
-0.151490 0.908941 0.388430
-0.151490 0.908941 0.388430
-0.151490 0.908941 0.388430
-0.156589 0.861241 0.483471
-0.156589 0.861241 0.483471
-0.156589 0.861241 0.483471
-0.233242 0.855222 0.462810
-0.233242 0.855222 0.462810
-0.233242 0.855222 0.462810
-0.391473 0.782946 0.483471
-0.391473 0.782946 0.483471
-0.391473 0.782946 0.483471
-0.391473 0.782946 0.483471
-0.391473 0.782946 0.483471
-0.391473 0.782946 0.483471
-0.391473 0.782946 0.483471
-0.379851 0.835672 0.396694
-0.307900 0.846724 0.433884
-0.391473 0.782946 0.483471
-0.391473 0.782946 0.483471
-0.391473 0.782946 0.483471
-0.462515 0.770858 0.438017
-0.391473 0.782946 0.483471
-0.391473 0.782946 0.483471
-0.391473 0.782946 0.483471
-0.391473 0.782946 0.483471
-0.391473 0.782946 0.483471
-0.391473 0.782946 0.483471
-0.391473 0.782946 0.483471
-0.544232 0.699727 0.462810
-0.544232 0.699727 0.462810
-0.544232 0.699727 0.462810
-0.544232 0.699727 0.462810
-0.544232 0.699727 0.462810
-0.544232 0.699727 0.462810
-0.608660 0.684742 0.400826
-0.623734 0.623734 0.471074
-0.623734 0.623734 0.471074
-0.623734 0.623734 0.471074
-0.623734 0.623734 0.471074
-0.623734 0.623734 0.471074
-0.623734 0.623734 0.471074
-0.699727 0.544232 0.462810
-0.699727 0.544232 0.462810
-0.699727 0.544232 0.462810
-0.699727 0.544232 0.462810
-0.699727 0.544232 0.462810
-0.699727 0.544232 0.462810
-0.699727 0.544232 0.462810
-0.712459 0.474973 0.516529
-0.712459 0.474973 0.516529
-0.712459 0.474973 0.516529
-0.770858 0.462515 0.438017
-0.770858 0.462515 0.438017
-0.770858 0.462515 0.438017
-0.782946 0.391473 0.483471
-0.782946 0.391473 0.483471
-0.782946 0.391473 0.483471
-0.782946 0.391473 0.483471
-0.782946 0.391473 0.483471
-0.782946 0.391473 0.483471
-0.782946 0.391473 0.483471
-0.782946 0.391473 0.483471
-0.782946 0.391473 0.483471
-0.792699 0.317080 0.520661
-0.792699 0.317080 0.520661
-0.792699 0.317080 0.520661
-0.792699 0.317080 0.520661
-0.792699 0.317080 0.520661
-0.792699 0.317080 0.520661
-0.792699 0.317080 0.520661
-0.792699 0.317080 0.520661
-0.792699 0.317080 0.520661
-0.792699 0.317080 0.520661
-0.792699 0.317080 0.520661
-0.800203 0.240061 0.549587
-0.800203 0.240061 0.549587
-0.800203 0.240061 0.549587
-0.800203 0.240061 0.549587
-0.800203 0.240061 0.549587
-0.800203 0.240061 0.549587
-0.800203 0.240061 0.549587
-0.738202 0.246067 0.628099
-0.738202 0.246067 0.628099
-0.738202 0.246067 0.628099
-0.738202 0.246067 0.628099
-0.738202 0.246067 0.628099
-0.738202 0.246067 0.628099
-0.738202 0.246067 0.628099
-0.738202 0.246067 0.628099
-0.738202 0.246067 0.628099
-0.738202 0.246067 0.628099
-0.738202 0.246067 0.628099
-0.738202 0.246067 0.628099
-0.738202 0.246067 0.628099
-0.738202 0.246067 0.628099
-0.738202 0.246067 0.628099
-0.805520 0.161104 0.570248
-0.805520 0.161104 0.570248
-0.805520 0.161104 0.570248
-0.805520 0.161104 0.570248
-0.805520 0.161104 0.570248
-0.805520 0.161104 0.570248
-0.805520 0.161104 0.570248
-0.805520 0.161104 0.570248
-0.805520 0.161104 0.570248
-0.805520 0.161104 0.570248
-0.805520 0.161104 0.570248
-0.805520 0.161104 0.570248
-0.805520 0.161104 0.570248
-0.805520 0.161104 0.570248
-0.805520 0.161104 0.570248
-0.805520 0.161104 0.570248
-0.805520 0.161104 0.570248
-0.805520 0.161104 0.570248
-0.805520 0.161104 0.570248
-0.805520 0.161104 0.570248
-0.805520 0.161104 0.570248
-0.805520 0.161104 0.570248
-0.805520 0.161104 0.570248
-0.805520 0.161104 0.570248
-0.805520 0.161104 0.570248
-0.805520 0.161104 0.570248
-0.805520 0.161104 0.570248
-0.805520 0.161104 0.570248
-0.805520 0.161104 0.570248
-0.805520 0.161104 0.570248
-0.861241 0.156589 0.483471
-0.855222 0.233242 0.462810
-0.855222 0.233242 0.462810
-0.855222 0.233242 0.462810
-0.855222 0.233242 0.462810
-0.855222 0.233242 0.462810
-0.855222 0.233242 0.462810
-0.855222 0.233242 0.462810
-0.855222 0.233242 0.462810
-0.846724 0.307900 0.433884
-0.846724 0.307900 0.433884
-0.792699 0.317080 0.520661
-0.792699 0.317080 0.520661
-0.792699 0.317080 0.520661
-0.782946 0.391473 0.483471
-0.782946 0.391473 0.483471
-0.782946 0.391473 0.483471
-0.782946 0.391473 0.483471
-0.712459 0.474973 0.516529
-0.712459 0.474973 0.516529
-0.712459 0.474973 0.516529
-0.712459 0.474973 0.516529
-0.712459 0.474973 0.516529
-0.712459 0.474973 0.516529
-0.712459 0.474973 0.516529
-0.636739 0.557147 0.533058
-0.636739 0.557147 0.533058
-0.636739 0.557147 0.533058
-0.636739 0.557147 0.533058
-0.636739 0.557147 0.533058
-0.636739 0.557147 0.533058
-0.636739 0.557147 0.533058
-0.636739 0.557147 0.533058
-0.557147 0.636739 0.533058
-0.557147 0.636739 0.533058
-0.557147 0.636739 0.533058
-0.557147 0.636739 0.533058
-0.557147 0.636739 0.533058
-0.485849 0.647799 0.586777
-0.485849 0.647799 0.586777
-0.485849 0.647799 0.586777
-0.485849 0.647799 0.586777
-0.410632 0.657012 0.632231
-0.325162 0.731615 0.599174
-0.325162 0.731615 0.599174
-0.325162 0.731615 0.599174
-0.325162 0.731615 0.599174
-0.325162 0.731615 0.599174
-0.325162 0.731615 0.599174
-0.246067 0.738202 0.628099
-0.246067 0.738202 0.628099
-0.246067 0.738202 0.628099
-0.246067 0.738202 0.628099
-0.246067 0.738202 0.628099
-0.246067 0.738202 0.628099
-0.165083 0.742871 0.648760
-0.165083 0.742871 0.648760
-0.165083 0.742871 0.648760
-0.165083 0.742871 0.648760
-0.165083 0.742871 0.648760
-0.082851 0.745659 0.661157
-0.082851 0.745659 0.661157
-0.082851 0.745659 0.661157
-0.082851 0.745659 0.661157
0.000000 0.746586 0.665289
0.082851 0.745659 0.661157
0.000000 0.746586 0.665289
0.082851 0.745659 0.661157
0.082851 0.745659 0.661157
0.082851 0.745659 0.661157
0.082851 0.745659 0.661157
0.165083 0.742871 0.648760
0.165083 0.742871 0.648760
0.165083 0.742871 0.648760
0.165083 0.742871 0.648760
0.246067 0.738202 0.628099
0.246067 0.738202 0.628099
0.246067 0.738202 0.628099
0.246067 0.738202 0.628099
0.246067 0.738202 0.628099
0.246067 0.738202 0.628099
0.246067 0.738202 0.628099
0.332227 0.664455 0.669421
0.251320 0.670186 0.698347
0.332227 0.664455 0.669421
0.332227 0.664455 0.669421
0.332227 0.664455 0.669421
0.332227 0.664455 0.669421
0.332227 0.664455 0.669421
0.332227 0.664455 0.669421
0.332227 0.664455 0.669421
0.410632 0.657012 0.632231
0.418357 0.585699 0.694215
0.418357 0.585699 0.694215
0.418357 0.585699 0.694215
0.418357 0.585699 0.694215
0.418357 0.585699 0.694215
0.424937 0.509925 0.747934
0.424937 0.509925 0.747934
0.424937 0.509925 0.747934
0.503251 0.503251 0.702479
0.503251 0.503251 0.702479
0.503251 0.503251 0.702479
0.503251 0.503251 0.702479
0.503251 0.503251 0.702479
0.503251 0.503251 0.702479
0.509925 0.424937 0.747934
0.509925 0.424937 0.747934
0.509925 0.424937 0.747934
0.509925 0.424937 0.747934
0.509925 0.424937 0.747934
0.509925 0.424937 0.747934
0.509925 0.424937 0.747934
0.509925 0.424937 0.747934
0.509925 0.424937 0.747934
0.509925 0.424937 0.747934
0.509925 0.424937 0.747934
0.509925 0.424937 0.747934
0.509925 0.424937 0.747934
0.509925 0.424937 0.747934
0.509925 0.424937 0.747934
0.509925 0.424937 0.747934
0.509925 0.424937 0.747934
0.509925 0.424937 0.747934
0.509925 0.424937 0.747934
0.509925 0.424937 0.747934
0.509925 0.424937 0.747934
0.509925 0.424937 0.747934
0.509925 0.424937 0.747934
0.509925 0.424937 0.747934
0.509925 0.424937 0.747934
0.509925 0.424937 0.747934
0.509925 0.424937 0.747934
0.430427 0.430427 0.793388
0.424937 0.509925 0.747934
0.424937 0.509925 0.747934
0.424937 0.509925 0.747934
0.424937 0.509925 0.747934
0.343547 0.515321 0.785124
0.338339 0.592093 0.731405
0.338339 0.592093 0.731405
0.338339 0.592093 0.731405
0.338339 0.592093 0.731405
0.255865 0.597018 0.760331
0.251320 0.670186 0.698347
0.251320 0.670186 0.698347
0.168563 0.674251 0.719008
0.168563 0.674251 0.719008
0.168563 0.674251 0.719008
0.168563 0.674251 0.719008
0.168563 0.674251 0.719008
0.165083 0.742871 0.648760
0.165083 0.742871 0.648760
0.082851 0.745659 0.661157
0.082851 0.745659 0.661157
0.082851 0.745659 0.661157
0.082851 0.745659 0.661157
0.082851 0.745659 0.661157
0.082851 0.745659 0.661157
0.000000 0.746586 0.665289
0.000000 0.746586 0.665289
0.000000 0.746586 0.665289
0.000000 0.746586 0.665289
0.000000 0.746586 0.665289
0.000000 0.746586 0.665289
-0.082851 0.745659 0.661157
-0.082851 0.745659 0.661157
-0.082851 0.745659 0.661157
-0.082851 0.745659 0.661157
-0.251320 0.670186 0.698347
-0.251320 0.670186 0.698347
-0.165083 0.742871 0.648760
-0.251320 0.670186 0.698347
-0.251320 0.670186 0.698347
-0.251320 0.670186 0.698347
-0.251320 0.670186 0.698347
-0.251320 0.670186 0.698347
-0.251320 0.670186 0.698347
-0.246067 0.738202 0.628099
-0.246067 0.738202 0.628099
-0.332227 0.664455 0.669421
-0.332227 0.664455 0.669421
-0.332227 0.664455 0.669421
-0.332227 0.664455 0.669421
-0.410632 0.657012 0.632231
-0.410632 0.657012 0.632231
-0.410632 0.657012 0.632231
-0.410632 0.657012 0.632231
-0.410632 0.657012 0.632231
-0.410632 0.657012 0.632231
-0.410632 0.657012 0.632231
-0.410632 0.657012 0.632231
-0.418357 0.585699 0.694215
-0.418357 0.585699 0.694215
-0.418357 0.585699 0.694215
-0.495248 0.577789 0.648760
-0.495248 0.577789 0.648760
-0.495248 0.577789 0.648760
-0.495248 0.577789 0.648760
-0.503251 0.503251 0.702479
-0.503251 0.503251 0.702479
-0.503251 0.503251 0.702479
-0.503251 0.503251 0.702479
-0.503251 0.503251 0.702479
-0.503251 0.503251 0.702479
-0.509925 0.424937 0.747934
-0.509925 0.424937 0.747934
-0.509925 0.424937 0.747934
-0.509925 0.424937 0.747934
-0.509925 0.424937 0.747934
-0.509925 0.424937 0.747934
-0.515321 0.343547 0.785124
-0.515321 0.343547 0.785124
-0.515321 0.343547 0.785124
-0.515321 0.343547 0.785124
-0.515321 0.343547 0.785124
-0.515321 0.343547 0.785124
-0.515321 0.343547 0.785124
-0.515321 0.343547 0.785124
-0.515321 0.343547 0.785124
-0.592093 0.338339 0.731405
-0.597018 0.255865 0.760331
-0.597018 0.255865 0.760331
-0.597018 0.255865 0.760331
-0.597018 0.255865 0.760331
-0.597018 0.255865 0.760331
-0.597018 0.255865 0.760331
-0.597018 0.255865 0.760331
-0.597018 0.255865 0.760331
-0.597018 0.255865 0.760331
-0.597018 0.255865 0.760331
-0.597018 0.255865 0.760331
-0.597018 0.255865 0.760331
-0.597018 0.255865 0.760331
-0.597018 0.255865 0.760331
-0.597018 0.255865 0.760331
-0.597018 0.255865 0.760331
-0.597018 0.255865 0.760331
-0.597018 0.255865 0.760331
-0.597018 0.255865 0.760331
-0.597018 0.255865 0.760331
-0.597018 0.255865 0.760331
-0.597018 0.255865 0.760331
-0.597018 0.255865 0.760331
-0.597018 0.255865 0.760331
-0.597018 0.255865 0.760331
-0.597018 0.255865 0.760331
-0.597018 0.255865 0.760331
-0.597018 0.255865 0.760331
-0.597018 0.255865 0.760331
-0.519479 0.259740 0.814050
-0.519479 0.259740 0.814050
-0.519479 0.259740 0.814050
-0.515321 0.343547 0.785124
-0.515321 0.343547 0.785124
-0.515321 0.343547 0.785124
-0.515321 0.343547 0.785124
-0.515321 0.343547 0.785124
-0.515321 0.343547 0.785124
-0.515321 0.343547 0.785124
-0.434867 0.347894 0.830579
-0.434867 0.347894 0.830579
-0.430427 0.430427 0.793388
-0.430427 0.430427 0.793388
-0.430427 0.430427 0.793388
-0.430427 0.430427 0.793388
-0.430427 0.430427 0.793388
-0.347894 0.434867 0.830579
-0.347894 0.434867 0.830579
-0.347894 0.434867 0.830579
-0.347894 0.434867 0.830579
-0.347894 0.434867 0.830579
-0.259740 0.519479 0.814050
-0.259740 0.519479 0.814050
-0.259740 0.519479 0.814050
-0.259740 0.519479 0.814050
-0.259740 0.519479 0.814050
-0.259740 0.519479 0.814050
-0.259740 0.519479 0.814050
-0.259740 0.519479 0.814050
-0.259740 0.519479 0.814050
-0.259740 0.519479 0.814050
-0.259740 0.519479 0.814050
-0.259740 0.519479 0.814050
-0.174143 0.522429 0.834711
-0.174143 0.522429 0.834711
-0.174143 0.522429 0.834711
-0.174143 0.522429 0.834711
-0.086085 0.602598 0.793388
-0.086085 0.602598 0.793388
-0.087365 0.524191 0.847107
-0.174143 0.522429 0.834711
-0.174143 0.522429 0.834711
-0.174143 0.522429 0.834711
0.000000 0.524777 0.851240
0.000000 0.524777 0.851240
0.087365 0.524191 0.847107
0.086085 0.602598 0.793388
0.086085 0.602598 0.793388
0.087365 0.524191 0.847107
0.087365 0.524191 0.847107
0.087365 0.524191 0.847107
0.174143 0.522429 0.834711
0.174143 0.522429 0.834711
0.174143 0.522429 0.834711
0.174143 0.522429 0.834711
0.259740 0.519479 0.814050
0.259740 0.519479 0.814050
0.174143 0.522429 0.834711
0.174143 0.522429 0.834711
0.259740 0.519479 0.814050
0.343547 0.515321 0.785124
0.343547 0.515321 0.785124
0.259740 0.519479 0.814050
0.347894 0.434867 0.830579
0.347894 0.434867 0.830579
0.347894 0.434867 0.830579
0.347894 0.434867 0.830579
0.430427 0.430427 0.793388
0.430427 0.430427 0.793388
0.430427 0.430427 0.793388
0.434867 0.347894 0.830579
0.434867 0.347894 0.830579
0.434867 0.347894 0.830579
0.434867 0.347894 0.830579
0.434867 0.347894 0.830579
0.515321 0.343547 0.785124
0.515321 0.343547 0.785124
0.434867 0.347894 0.830579
0.515321 0.343547 0.785124
0.519479 0.259740 0.814050
0.519479 0.259740 0.814050
0.519479 0.259740 0.814050
0.519479 0.259740 0.814050
0.519479 0.259740 0.814050
0.519479 0.259740 0.814050
0.519479 0.259740 0.814050
0.519479 0.259740 0.814050
0.519479 0.259740 0.814050
0.519479 0.259740 0.814050
0.519479 0.259740 0.814050
0.519479 0.259740 0.814050
0.519479 0.259740 0.814050
0.519479 0.259740 0.814050
0.519479 0.259740 0.814050
0.519479 0.259740 0.814050
0.519479 0.259740 0.814050
0.522429 0.174143 0.834711
0.522429 0.174143 0.834711
0.600511 0.171575 0.780992
0.522429 0.174143 0.834711
0.522429 0.174143 0.834711
0.522429 0.174143 0.834711
0.522429 0.174143 0.834711
0.522429 0.174143 0.834711
0.522429 0.174143 0.834711
0.522429 0.174143 0.834711
0.522429 0.174143 0.834711
0.522429 0.174143 0.834711
0.522429 0.174143 0.834711
0.522429 0.174143 0.834711
0.522429 0.174143 0.834711
0.522429 0.174143 0.834711
0.522429 0.174143 0.834711
0.522429 0.174143 0.834711
0.522429 0.174143 0.834711
0.522429 0.174143 0.834711
0.522429 0.174143 0.834711
0.522429 0.174143 0.834711
0.522429 0.174143 0.834711
0.522429 0.174143 0.834711
0.522429 0.174143 0.834711
0.522429 0.174143 0.834711
0.519479 0.259740 0.814050
0.519479 0.259740 0.814050
0.519479 0.259740 0.814050
0.438289 0.262974 0.859504
0.438289 0.262974 0.859504
0.438289 0.262974 0.859504
0.438289 0.262974 0.859504
0.438289 0.262974 0.859504
0.354120 0.265590 0.896694
0.438289 0.262974 0.859504
0.354120 0.265590 0.896694
0.351410 0.351410 0.867769
0.265590 0.354120 0.896694
0.265590 0.354120 0.896694
0.265590 0.354120 0.896694
0.265590 0.354120 0.896694
0.265590 0.354120 0.896694
0.265590 0.354120 0.896694
0.265590 0.354120 0.896694
0.178022 0.356044 0.917355
0.176287 0.440718 0.880165
0.088434 0.442168 0.892562
0.088434 0.442168 0.892562
0.000000 0.442651 0.896694
0.000000 0.442651 0.896694
0.000000 0.442651 0.896694
0.088434 0.442168 0.892562
0.088434 0.442168 0.892562
0.088434 0.442168 0.892562
0.088434 0.442168 0.892562
0.000000 0.442651 0.896694
0.000000 0.442651 0.896694
-0.088434 0.442168 0.892562
-0.088434 0.442168 0.892562
-0.088434 0.442168 0.892562
-0.088434 0.442168 0.892562
-0.176287 0.440718 0.880165
-0.088434 0.442168 0.892562
-0.176287 0.440718 0.880165
-0.176287 0.440718 0.880165
-0.176287 0.440718 0.880165
-0.176287 0.440718 0.880165
-0.176287 0.440718 0.880165
-0.176287 0.440718 0.880165
-0.176287 0.440718 0.880165
-0.176287 0.440718 0.880165
-0.176287 0.440718 0.880165
-0.262974 0.438289 0.859504
-0.262974 0.438289 0.859504
-0.265590 0.354120 0.896694
-0.265590 0.354120 0.896694
-0.265590 0.354120 0.896694
-0.265590 0.354120 0.896694
-0.265590 0.354120 0.896694
-0.265590 0.354120 0.896694
-0.265590 0.354120 0.896694
-0.351410 0.351410 0.867769
-0.351410 0.351410 0.867769
-0.351410 0.351410 0.867769
-0.434867 0.347894 0.830579
-0.434867 0.347894 0.830579
-0.434867 0.347894 0.830579
-0.351410 0.351410 0.867769
-0.438289 0.262974 0.859504
-0.438289 0.262974 0.859504
-0.438289 0.262974 0.859504
-0.438289 0.262974 0.859504
-0.438289 0.262974 0.859504
-0.438289 0.262974 0.859504
-0.438289 0.262974 0.859504
-0.438289 0.262974 0.859504
-0.438289 0.262974 0.859504
-0.438289 0.262974 0.859504
-0.438289 0.262974 0.859504
-0.438289 0.262974 0.859504
-0.438289 0.262974 0.859504
-0.438289 0.262974 0.859504
-0.438289 0.262974 0.859504
-0.438289 0.262974 0.859504
-0.438289 0.262974 0.859504
-0.440718 0.176287 0.880165
-0.440718 0.176287 0.880165
-0.440718 0.176287 0.880165
-0.440718 0.176287 0.880165
-0.440718 0.176287 0.880165
-0.440718 0.176287 0.880165
-0.440718 0.176287 0.880165
-0.440718 0.176287 0.880165
-0.440718 0.176287 0.880165
-0.440718 0.176287 0.880165
-0.440718 0.176287 0.880165
-0.440718 0.176287 0.880165
-0.440718 0.176287 0.880165
-0.440718 0.176287 0.880165
-0.440718 0.176287 0.880165
-0.440718 0.176287 0.880165
-0.440718 0.176287 0.880165
-0.440718 0.176287 0.880165
-0.440718 0.176287 0.880165
-0.440718 0.176287 0.880165
-0.440718 0.176287 0.880165
-0.440718 0.176287 0.880165
-0.442168 0.088434 0.892562
-0.442168 0.088434 0.892562
-0.442168 0.088434 0.892562
-0.442168 0.088434 0.892562
-0.442168 0.088434 0.892562
-0.442168 0.088434 0.892562
-0.442168 0.088434 0.892562
-0.442168 0.088434 0.892562
-0.442168 0.088434 0.892562
-0.442168 0.088434 0.892562
-0.442168 0.088434 0.892562
-0.442168 0.088434 0.892562
-0.440718 0.176287 0.880165
-0.440718 0.176287 0.880165
-0.440718 0.176287 0.880165
-0.440718 0.176287 0.880165
-0.356044 0.178022 0.917355
-0.356044 0.178022 0.917355
-0.356044 0.178022 0.917355
-0.356044 0.178022 0.917355
-0.356044 0.178022 0.917355
-0.356044 0.178022 0.917355
-0.269040 0.179360 0.946281
-0.267608 0.267608 0.925620
-0.267608 0.267608 0.925620
-0.267608 0.267608 0.925620
-0.267608 0.267608 0.925620
-0.267608 0.267608 0.925620
-0.267608 0.267608 0.925620
-0.179360 0.269040 0.946281
-0.179360 0.269040 0.946281
-0.179360 0.269040 0.946281
-0.179360 0.269040 0.946281
-0.179360 0.269040 0.946281
-0.179360 0.269040 0.946281
-0.179360 0.269040 0.946281
-0.179360 0.269040 0.946281
-0.179360 0.269040 0.946281
-0.179360 0.269040 0.946281
-0.179360 0.269040 0.946281
-0.179360 0.269040 0.946281
-0.089298 0.357193 0.929752
-0.089298 0.357193 0.929752
0.000000 0.357575 0.933884
-0.089298 0.357193 0.929752
-0.089298 0.357193 0.929752
-0.089965 0.269895 0.958678
0.000000 0.357575 0.933884
0.000000 0.357575 0.933884
0.000000 0.357575 0.933884
0.000000 0.357575 0.933884
-0.089965 0.269895 0.958678
-0.089965 0.269895 0.958678
0.000000 0.270180 0.962810
0.000000 0.270180 0.962810
0.000000 0.270180 0.962810
0.000000 0.270180 0.962810
0.000000 0.270180 0.962810
0.000000 0.270180 0.962810
0.000000 0.270180 0.962810
0.089965 0.269895 0.958678
0.089965 0.269895 0.958678
0.089965 0.269895 0.958678
0.089965 0.269895 0.958678
0.089965 0.269895 0.958678
0.179360 0.269040 0.946281
0.179360 0.269040 0.946281
0.179360 0.269040 0.946281
0.179360 0.269040 0.946281
0.179360 0.269040 0.946281
0.179360 0.269040 0.946281
0.180309 0.180309 0.966942
0.180309 0.180309 0.966942
0.180309 0.180309 0.966942
0.180309 0.180309 0.966942
0.180309 0.180309 0.966942
0.180309 0.180309 0.966942
0.180309 0.180309 0.966942
0.269040 0.179360 0.946281
0.180309 0.180309 0.966942
0.269040 0.179360 0.946281
0.269040 0.179360 0.946281
0.269040 0.179360 0.946281
0.269040 0.179360 0.946281
0.269040 0.179360 0.946281
0.269040 0.179360 0.946281
0.269040 0.179360 0.946281
0.269040 0.179360 0.946281
0.269040 0.179360 0.946281
0.269040 0.179360 0.946281
0.269040 0.179360 0.946281
0.269040 0.179360 0.946281
0.269040 0.179360 0.946281
0.269040 0.179360 0.946281
0.269040 0.179360 0.946281
0.269040 0.179360 0.946281
0.269040 0.179360 0.946281
0.269040 0.179360 0.946281
0.269040 0.179360 0.946281
0.269040 0.179360 0.946281
0.269040 0.179360 0.946281
0.269040 0.179360 0.946281
0.269040 0.179360 0.946281
0.269040 0.179360 0.946281
0.269040 0.179360 0.946281
0.269040 0.179360 0.946281
0.269040 0.179360 0.946281
0.269040 0.179360 0.946281
0.269040 0.179360 0.946281
0.269040 0.179360 0.946281
0.180309 0.180309 0.966942
0.180309 0.180309 0.966942
0.180309 0.180309 0.966942
0.180309 0.180309 0.966942
0.179360 0.269040 0.946281
0.179360 0.269040 0.946281
0.179360 0.269040 0.946281
0.089965 0.269895 0.958678
0.089965 0.269895 0.958678
0.089965 0.269895 0.958678
0.089965 0.269895 0.958678
0.000000 0.270180 0.962810
-0.089965 0.269895 0.958678
-0.089965 0.269895 0.958678
-0.089965 0.269895 0.958678
-0.089965 0.269895 0.958678
-0.089965 0.269895 0.958678
-0.089965 0.269895 0.958678
-0.089965 0.269895 0.958678
-0.089965 0.269895 0.958678
0.000000 0.357575 0.933884
0.000000 0.357575 0.933884
0.000000 0.357575 0.933884
